43306733
37365856
38794782
33073470
40902974
35501660
46873743
43211704
51161508
52895875
71305517
51719261
65339899
76405895
83112193
85663658
90407582
96186117
83395663
94790829
95150034
82894515
126934148
122132672
102864128
140758280
107796637
119718602
146785254
142794014
157744403
131160796
115623385
96426949
127706586
126224843
155600413
143677322
135877790
137868131
121428624
119374216
155900392
141244106
170755995
211924979
142756781
164569123
136015332
171820941
148434495
164952600
154884657
180969964
220318644
237906405
175993152
153780290
178702535
191001135
169258290
222135051
245020471
248638998
179225897
220513572
207203443
265020165
216018547
277271905
168766367
258945254
267766332
260193768
275988930
208425946
265810342
220430030
175605791
286971127
259373587
191149997
149452907
181619928
224765404
233906617
217286361
252067766
256190582
201010792
241287569
221962189
289112586
202610630
238487867
200844223
266457668
352752758
328796300
312753415
343202937
211896062
234714375
320415146
293453093
366736957
302384214
320474514
354120373
346012774
314581074
274425482
292787469
332481222
327861263
283355016
294103236
417275575
350969291
298450246
287596237
260740559
302342013
358983143
413212420
293454978
348038130
336037332
428864344
389561492
358691515
427359319
332005880
362652000
288331962
337922953
320918943
357506616
351452177
442722291
332826068
345896287
263754648
349163850
297175921
391301011
451184290
345921059
421601344
399021397
425247439
388105385
406877877
500420156
372943676
414566743
394531354
348119044
379790676
374557624
400996280
387805633
445351703
460175809
352909406
342836468
582745637
439533198
423452103
497697429
554342452
508880191
417878321
587922705
446965443
365471078
425907933
532607294
332617808
366096978
489239852
430168501
454578247
395037303
459307143
435309980
616637318
520658648
500121853
581541875
564448099
482324839
526672408
511441546
476806678
618213521
720100360
565271681
593726751
657671179
681662133
608041811
494916180
452879658
729729957
529972356
575547055
424973050
488990252
408836124
520111835
578116687
644240374
739268775
611257677
529433186
538250650
717793330
662297702
704902159
705579508
724663349
656090167
501420575
777985566
607437207
570478586
606023650
716654112
531782846
733189843
609031128
577560424
513457740
711045558
554596886
508525296
639256952
743969562
661023792
520575968
599882834
761142461
759682270
495638377
678564128
761133994
826857332
797574410
443542402
631379919
544307492
528039111
588160284
606055343
696986315
527250408
604288442
647627098
613473508
540421494
527689186
686676671
560859871
650323272
539434919
651575595
527755438
684857020
639801949
689130186
601160546
631440736
833527661
694733827
739166553
822859880
635580786
466032118
950639677
893822558
774844479
585566344
727206795
671988767
659845875
948990535
719329187
707260123
833389130
862120894
915597399
650793852
826385098
612852491
825320545
926415991
824198343
722973072
941105903
758198592
790036003
638233501
813644481
925413683
747431378
757473735
537100649
697475313
776910978
754631682
628399044
668936439
1070261759
769190434
941628687
959384391
797832302
943598941
780868558
991991506
807412622
791149079
758959659
812984072
843018826
840529956
764230434
933516135
847944324
771173158
772576740
913098040
1007529579
1084502881
1116160456
979422815
999437735
805898559
940693458
776346234
825113470
1054859046
1120686927
1150050350
905919112
905402584
964810087
788470519
819504662
830027336
794563724
726428113
983087975
1052570691
737556544
1134558150
1099528482
816608115
829250092
1200710665
770533820
1100466475
1107915890
1110251679
1121855205
1006058088
776987206
854528883
770776886
675377176
906893284
972729379
923288011
989308640
1017585690
979127812
1177029713
1051528591
854867977
885578547
970095421
1093514742
789294345
890732450
822011900
1154337558
1089027730
1036079849
852363848
1046587744
1122515907
921418911
921922353
953953804
891233692
966942352
905682522
958677898
978205704
801425031
1040124810
1156312461
870516204
938134977
969376773
819215099
835289762
998320128
1024268718
1111615793
1150619689
985364241
1080850419
1357940075
990092750
1232194886
1049938027
990078607
1102244360
1340341969
1119337784
1172088244
1255129043
1076685118
952895617
1155729024
1048429730
1068191589
907829931
960957679
1037552406
985676333
1053454602
1348912013
1078460857
1439707269
1181375644
800461825
1168277218
1330386685
1339599119
1052001793
909513149
1100067806
1278304639
1178970745
1186369834
1407358197
1200158684
868990120
1246132349
1369548783
1017072933
871818921
1270508034
1065818806
1371206900
1078417915
1040092907
981433168
685335031
1354231965
920207984
1241606669
1084614067
1203002514
1200256002
1439140131
1018201883
1314420598
862105869
1238886028
1288131959
1129610104
1241756060
1348146266
1260446158
1196806837
1284637320
1348574080
1241615579
1244099921
1204598481
1097596575
1032443654
1284119443
979672747
1425977834
1079329354
971649691
998467373
1049092942
1080558883
1056649817
1477202212
1454485075
1517326507
1259708961
847578947
1555773056
1078912586
1052705868
1205332604
1155692227
1402743666
1316668109
1156253468
818784090
1229518978
1260238787
1232293355
1283978495
1528792418
1210344971
1042406214
1155977722
1211394649
1046375406
1444216314
1143113666
1074215839
1191104651
1312824859
1113899885
1467287218
1174689527
1217400657
1326378806
1131524914
1265271235
1285613928
1147617953
1133728874
1479571065
1137461022
1267078271
1483143239
1190447074
968845153
1660746294
1208091630
1249961257
1341451124
1401985580
1451759400
1142104584
1581305649
1017347486
1742247441
1560059100
1504326883
1233817712
1208975333
1544137870
1253360951
1736389921
1532647850
1471744375
1348482287
1266678258
1479482601
1441622938
1243264375
1505018769
1604268571
1284552903
1154752658
1328365201
1759238894
1305270636
1552122101
1495657467
1555387661
1765239892
1457679185
1365071417
1881894161
1633343978
1350573144
1348822156
1507432954
1361056678
1454239199
1543018017
1465162821
1506289763
1475678893
1402115933
1831284770
1756031663
1182797786
1427068225
1387441636
1693275450
1268957070
1238377528
1740247570
1934914763
1486800931
1190386561
1379800487
1758298020
1203581856
1772755880
1795608460
1376014563
1893885151
1321627934
1493353173
1445196532
1818775593
1381633891
1340542926
1518840536
1212901285
1847749777
1607551579
1572383300
1809770524
1725378637
1783625611
1443231330
1331125466
1626318796
1745461590
1690574616
1436573042
1105478353
1299841888
1437888915
1715668828
1370404357
1807019343
1880508051
1999816705
1703447631
1954203061
1973385007
1842032486
1018959500
1491806205
1734209255
1727367648
2064385005
1642022891
1654168123
1533904532
1969834821
1953924414
1728735416
1553599432
2020539787
1384937008
1319324477
1486213340
1482201991
1375230940
1310798814
1524830269
1606857661
1910854239
1674657204
1640118185
1739772230
2053390434
1475558377
1479343875
1966437788
1840546838
1699561263
1545320487
1439238627
1713684816
1995791683
1495651018
1538649384
1473522676
1631680686
1569863777
1115411360
1423093758
1657789877
1492331349
1956385916
1748120443
1665148106
1535569828
2070366634
1786998622
1729274727
1481184541
1632709160
1630588802
1673300865
2063790452
1516770815
1501952436
1477837034
1823876196
1738383260
1639711918
1593026277
1432375971
1686274538
1802331406
1506672297
1733423128
1740771350
1682740533
1545043177
1608489463
1515015643
1419072830
1650721337
1810976974
1563057276
1577557010
2186888705
1583496714
1463595395
2130140585
2072333250
1778126855
2071510970
1645805004
1534943069
2082438015
1645508512
1557369549
1507812607
2116499747
1687940085
1470043601
1772038496
1606799855
2102974273
1731606218
2246805692
1744870567
1162061951
2116365696
2095985640
1733657114
1862248922
1499768145
2071851971
1835425335
2076641929
1880171741
1690525199
1559601362
2025254417
2091816749
2162919990
1819586564
1674908746
1994187458
1798016727
2024244071
2246963006
1754200855
1718155738
1610977171
1822298766
2288072398
1225750915
1910829698
1868777372
1468592819
2065082588
1668177607
1733515630
2132100101
2168980399
1597147398
2139962568
1963916154
2003686284
1904646194
1852523301
1774019726
2231353942
1080644067
1649077458
1736736638
1782752582
1713885630
2033995234
1884979214
1542369153
2274848106
2372148201
2296044790
2041684702
2257192470
2220259379
2223566664
2093226391
2482101477
1886645268
2322639616
1565796288
2223290232
1853200383
2289566634
2347190278
2254591479
2159604488
2508622999
1897241999
1995679626
2357766126
2176669383
2000551693
2432488329
2019371509
2238712536
2205940020
1671815024
2546056903
1917418635
2603893809
1643923622
1925416627
2523243117
1735529383
1736421713
2120221116
1916793582
2692898740
2604962991
2110743095
1781538854
1914403721
2105833908
1811317421
1649104673
1923023019
2546361568
1694015370
2043639138
2187736887
1749431790
1915871821
2428676079
2214904007
2213526516
2394971834
1519080907
2420374576
2089772809
1893357745
2283669052
1543434157
2013356805
1859428137
2067809733
2115567874
2715726966
2078881050
2720777682
2230801746
1813719036
2737298621
1887199610
2503272422
1523204841
2487216708
2136737694
1984524199
2761689088
1722839396
2090663519
2332562387
2197414752
2559944039
2027737396
2586486315
1759937260
1912903836
2639611386
2537427730
1968049768
2318524968
2688191451
2057479997
2057596671
2412836320
1328367188
2296568697
1806220937
1870756550
2229504953
2074066575
1807084713
2620819229
2300758474
2393767709
2557658047
2817185385
1942587840
2457219959
2659217624
1911545300
1907365801
2198351018
2808809849
2326807642
1828518387
2458582573
2036422710
2803990120
2142980025
2123191463
2039034255
1992010950
2293148501
2881846302
2657683357
2073013573
2120937071
2474724168
1889643155
2205278595
2627985044
1928146077
2129933015
2817411395
2626209761
1826272635
2349245776
2637865388
2978603748
2070712488
2477233348
2238647966
2637743520
2286036192
2382576162
2642014598
2732100836
2383644980
2470790830
2514507144
2842040701
2065462885
2212450137
2081784456
2009316453
2187453493
2597492183
2466737750
2247480360
2477165682
2814899791
2747600649
2101221478
2038319520
2221092524
2049914868
2769899098
2066304036
1677108008
2494709642
1933130414
2746397354
2319088156
2942761808
2204425153
2194237880
2848668919
2253837345
2626201293
2801051177
2072645292
2638822860
2187558485
2641751944
2674060246
2756148257
2702189693
1887627929
2568783844
2260393529
2567528835
2821291984
2563062375
3022468539
2692971766
2552432301
3070467600
2346137524
2174149159
2367652241
2476896378
2590905192
2424581506
3079495304
2471816990
2818048781
2712067097
2343959568
2732133770
2675601002
2561529312
2703480117
2765841571
2323515010
2585633565
2524046321
2340957592
2183884819
3196423244
2520563670
2864527197
2387501076
2170518013
2954635560
2233479256
2337323181
2223386819
2880575906
2927007708
2083066632
2052279270
2230627417
2059251711
2343287945
2848557940
3211887059
3134502067
2801792846
2731339395
3046200540
3403456661
3206158934
3015691092
3114733191
2253660474
3097524393
2270727711
2571502725
2463966950
2414716200
2885265189
2893812769
2534946090
2711064133
2751953532
2488550955
2108614786
2170120115
3150113425
2369185625
3002745008
2518295079
2352611278
2333696271
2862134755
3435979532
2308549431
2475022114
2337444402
2472097799
3517667849
2498400936
2573897492
3207098791
2911092107
2679058556
2132124520
2675233617
2868247385
2274162370
2118659521
2057434040
2716014499
3035466094
2345071616
3125878393
2764928520
3313761371
2589031921
3379573987
3276992971
3141455515
3017877395
2579255394
2584287254
2880979509
2547994544
2607373485
3428031299
3543918845
3334631595
3349856574
2470350991
2284429497
2810682890
2827362741
2956585111
3145923971
3105473600
2938721155
3503745465
3627575558
2436470549
2368346846
2893339560
2354927071
3346935449
2626836715
3704018398
2118485402
3041745142
2753268169
3453430620
2441394614
2890028542
2605163774
2539410395
2585217465
2664742211
3109458085
3307688039
2666124616
3388781159
3004796118
2896132113
3334819439
2673391047
2858703959
2465189673
2577174591
2474979449
2925279098
2883876895
2617836575
3181753381
3624031501
2424338893
2666026957
2916255741
2959049960
3124882921
3482367859
3636381945
2841381006
3448069638
2382484845
3498102292
3491548551
2755862581
2644555554
2459963990
2639663144
2973787777
2461357160
2749916247
3405380538
3326014301
2382440968
2672071015
3289617271
3537220493
2973680523
2795312155
2722826004
2620864844
3192123204
2726299596
2544671968
3660267375
3238485241
2829732492
2785691641
3388212230
3140466896
2991996130
2851126164
3932563831
2568687704
3218102697
2479561467
2994919300
3860899607
2583411521
3254447978
3192459842
3715989530
2772478770
2688800955
3638087870
2357218139
3394141612
2567723689
3042162453
3938080024
2874332690
3357062504
3648001644
3298004826
3586576282
2679659785
2443582925
3683376605
3087123148
2733742059
2929264894
2619369842
2444062666
3877555055
2774564540
3311375104
2982943922
3019952689
3875586372
2909730353
3733154483
3501630932
2681338944
2879712456
2874509161
3260929456
3532018268
3181195596
3360339518
3522946732
3139525871
2641302293
3110361238
2632865165
4005881356
3640892960
3523869259
3006056740
3182169758
2837311305
2741091610
3199473234
3118224746
3124810976
3988975141
3087266257
3031647013
2909464220
3372823449
3285829662
2957464149
3082519709
3608742717
2717880397
3018492802
3871815285
2723727097
3127859002
3386370227
2999961710
3664615977
2920232592
2555946730
2714491744
3400791892
2567516458
2938756352
3690831742
2927031056
3686745513
4081997145
3193592947
3990725847
3720711173
2955931676
2830633664
3408003652
4147420902
3537320146
2798333193
3027932946
3851700416
3283324823
3235090568
3778263508
2562684290
3564196540
3245291204
3777837392
3190476174
3158697210
3462691921
4052462038
3116773644
3789554418
2797971199
3075982883
3281942638
3769285148
3166738617
3259476325
3067804311
2504642723
3618130077
2987647463
2445995855
3039012011
4081428870
2525405393
3027364654
3098711195
2818632937
3737192647
3060624060
4089090776
2167434695
3578653921
3178153176
4027897505
4159076931
3206916562
2680994649
3322660814
3877855535
3236142970
2974913884
3212001404
3480070871
3165410041
4107086820
3152552825
3119677294
4126323332
3346669897
3637743871
3135975429
3475023622
3190797376
3233719580
3951491772
3243142503
4230918720
3732442798
4044187623
3719225364
3861628176
3941396180
2854093627
3516964388
3972959216
3541222456
3687274360
3995792892
3766145489
3698048105
3185620620
3416022406
2986192452
4403442026
3368488948
3821759220
2613378684
3933158025
3910937490
3518633554
3202905755
3547170695
2694771443
2689309136
3450962389
3393956793
3050388911
3790589937
2894691337
3177665334
3326051019
2747065794
3296128920
2772814145
4391819227
3218594247
3240239678
2767698475
3355832852
2950364628
3068553936
4046514645
4047581500
3354734419
4205232565
4084802258
3816310675
3492298019
3833726585
4373549637
4196342590
4196699402
3338372109
4024340908
3986639962
3612752180
3816650912
4491411310
3124192928
3447711305
4059598497
3692165579
3445984733
3296709280
2897066040
3197204621
3105249423
2886492271
4579654558
4092579942
4014593253
3630112528
3179900292
2764018463
3244506488
4068962202
4528568276
4283007333
3990109096
2781886070
3301349946
3742931826
2595089410
3780685002
4130696751
3934506408
3763146378
3239042519
3470623559
3236279106
3529060641
3925462680
2913988369
3243190368
3667439996
2840873924
3200393062
3369011519
3052525627
2901055679
3008988964
4172377496
3296312037
4491218156
3436349420
4123560692
3908997776
4145880187
3471816928
4416265403
3415567887
3116109692
3924351379
4656440081
3285694685
3039594752
4088772499
3393693476
4079933278
4073458809
3182191981
3988275632
3472381782
4003956229
4541729948
4440740942
3547814652
4494791053
2881926987
3845314783
3158678234
3109062921
4705095807
3573460174
4107528594
3202222248
3729680698
3364193482
4467955363
3437775483
4724360865
3951063092
3302735802
3579601686
3422468795
2947155536
3504990161
3116506405
2998907398
3384708536
3646679346
4631327530
4563205620
4008652116
3491862680
4645924490
3804339626
3017979680
3291882911
2899901963
3758090612
3505394847
3212618352
3949747421
3049026829
2930083861
4495332864
3341020977
4141268507
3801898714
3610335840
4165259060
3522286972
3434005950
3341376555
3616944368
4375079665
3865046032
3453103702
3861164102
3371645476
3354736938
3648867886
2531728625
3970843023